40	200	80	10	15	2.52
40	200	80	12	15	2.55
60	240	120	10	25	1.53
60	280	80	8	20	2.67
40	240	80	8	15	2.76
60	280	80	12	25	2.23
60	280	100	8	15	2.45
60	280	100	8	20	2.45
60	280	100	12	15	1.89
60	280	120	8	25	2.28
60	280	120	10	15	1.92
60	280	120	12	20	1.53
80	200	80	8	20	2.81
80	200	80	8	25	2.81
40	240	100	8	15	2.15
80	200	100	8	15	2.23
40	240	120	8	25	1.81
80	200	100	12	25	1.45
80	200	120	8	15	1.79
80	200	120	8	25	1.79
80	240	80	8	15	2.83
40	240	100	12	15	1.55
80	240	100	8	15	2.56
40	280	120	8	25	2.13
80	240	100	12	25	1.76
80	240	120	8	15	2.23
80	240	120	12	25	1.42

